[0.47231806]
-5.518058344951361 6.462694469093686
#################
[0.28670021]
-3.823629247573184 4.397029668102213
#################
[0.17185386]
-3.250586857710832 3.5942945861968334
#################
[0.07412848]
-3.8556922199190513 4.003949172722749
#################
[0.48758515]
-4.658165473004514 5.633335767283116
#################
[0.45916202]
-5.017914664264827 5.936238710019134
#################
[0.4701472]
-4.991775580230317 5.932069979213157
#################
[0.18674269]
-3.7229617329888463 4.096447122661344
#################

RYGB
[-0.00462987]
-1.0936635260126604 1.0844037907023496
#################
[-0.04030503]
-1.0941899851035601 1.0135799345018017
#################
[-0.01321325]
-1.0363369037173407 1.009910402390298
#################
[-0.01971776]
-1.0969523582686176 1.0575168474894157
#################
[-0.02331996]
-1.0922314695483668 1.045591556127394
#################
[-0.03957088]
-1.0858457198391869 1.0067039530600914
#################
[-0.08102122]
-1.0939231339225783 0.9318806863892212
#################
[-0.03319207]
-0.9686765781394967 0.9022924359459686
#################
[-0.03426751]
-1.0282725074249321 0.9597374845624508
#################
[-0.07296785]
-1.1099274184889183 0.9639917263666224
#################
[-4.16122961e-05]
-1.0444895178595521 1.0444062932673315
#################
[-0.02756003]
-1.0878662806331443 1.0327462125842273
#################
[-0.04151986]
-1.0682610301782887 0.9852213173217788
#################
[-0.06106396]
-1.0776121329024253 0.9554842049587358
#################

SADI-S
[-0.56278565]
-4.8824425033136345 3.7568712057220788
#################
[-0.63823086]
-3.835238302550719 2.558776592053638
#################
[-0.81424684]
-2.760715055710965 1.1322213785213746
#################
[-0.4923515]
-3.6356270705325944 2.6509240768913385
#################
[-0.66341247]
-3.8884131474837225 2.5615882166139867
#################
[-0.47058957]
-3.7417936993692242 2.800614563817018
#################
[-0.49512627]
-4.031777413577913 3.0415248699994204
#################
[-0.57607562]
-3.4029923823473305 2.2508411337873664
#################
[-0.42431722]
-4.745374559321085 3.8967401168234623
#################
[-0.57010714]
-4.265514890922183 3.1253006119863724
#################
[-0.5232806]
-3.8231534014650403 2.776592202484016
#################